{
 "cells": [
  {
   "cell_type": "code",
   "execution_count": 2,
   "id": "initial_id",
   "metadata": {
    "collapsed": true,
    "ExecuteTime": {
     "end_time": "2023-11-09T02:00:45.560108400Z",
     "start_time": "2023-11-09T02:00:45.532115300Z"
    }
   },
   "outputs": [],
   "source": [
    "import pandas as pd"
   ]
  },
  {
   "cell_type": "code",
   "execution_count": 3,
   "outputs": [],
   "source": [
    "df = pd.read_csv('waterQuality1.csv')"
   ],
   "metadata": {
    "collapsed": false,
    "ExecuteTime": {
     "end_time": "2023-11-09T02:00:46.838081900Z",
     "start_time": "2023-11-09T02:00:46.789759800Z"
    }
   },
   "id": "4c6d7274b4b9b0f6"
  },
  {
   "cell_type": "code",
   "execution_count": 4,
   "outputs": [
    {
     "data": {
      "text/plain": "   aluminium ammonia  arsenic  barium  cadmium  chloramine  chromium  copper  \\\n0       1.65    9.08     0.04    2.85    0.007        0.35      0.83    0.17   \n1       2.32   21.16     0.01    3.31    0.002        5.28      0.68    0.66   \n2       1.01   14.02     0.04    0.58    0.008        4.24      0.53    0.02   \n3       1.36   11.33     0.04    2.96    0.001        7.23      0.03    1.66   \n4       0.92   24.33     0.03    0.20    0.006        2.67      0.69    0.57   \n\n   flouride  bacteria  ...   lead  nitrates  nitrites  mercury  perchlorate  \\\n0      0.05      0.20  ...  0.054     16.08      1.13    0.007        37.75   \n1      0.90      0.65  ...  0.100      2.01      1.93    0.003        32.26   \n2      0.99      0.05  ...  0.078     14.16      1.11    0.006        50.28   \n3      1.08      0.71  ...  0.016      1.41      1.29    0.004         9.12   \n4      0.61      0.13  ...  0.117      6.74      1.11    0.003        16.90   \n\n   radium  selenium  silver  uranium  is_safe  \n0    6.78      0.08    0.34     0.02        1  \n1    3.21      0.08    0.27     0.05        1  \n2    7.07      0.07    0.44     0.01        0  \n3    1.72      0.02    0.45     0.05        1  \n4    2.41      0.02    0.06     0.02        1  \n\n[5 rows x 21 columns]",
      "text/html": "<div>\n<style scoped>\n    .dataframe tbody tr th:only-of-type {\n        vertical-align: middle;\n    }\n\n    .dataframe tbody tr th {\n        vertical-align: top;\n    }\n\n    .dataframe thead th {\n        text-align: right;\n    }\n</style>\n<table border=\"1\" class=\"dataframe\">\n  <thead>\n    <tr style=\"text-align: right;\">\n      <th></th>\n      <th>aluminium</th>\n      <th>ammonia</th>\n      <th>arsenic</th>\n      <th>barium</th>\n      <th>cadmium</th>\n      <th>chloramine</th>\n      <th>chromium</th>\n      <th>copper</th>\n      <th>flouride</th>\n      <th>bacteria</th>\n      <th>...</th>\n      <th>lead</th>\n      <th>nitrates</th>\n      <th>nitrites</th>\n      <th>mercury</th>\n      <th>perchlorate</th>\n      <th>radium</th>\n      <th>selenium</th>\n      <th>silver</th>\n      <th>uranium</th>\n      <th>is_safe</th>\n    </tr>\n  </thead>\n  <tbody>\n    <tr>\n      <th>0</th>\n      <td>1.65</td>\n      <td>9.08</td>\n      <td>0.04</td>\n      <td>2.85</td>\n      <td>0.007</td>\n      <td>0.35</td>\n      <td>0.83</td>\n      <td>0.17</td>\n      <td>0.05</td>\n      <td>0.20</td>\n      <td>...</td>\n      <td>0.054</td>\n      <td>16.08</td>\n      <td>1.13</td>\n      <td>0.007</td>\n      <td>37.75</td>\n      <td>6.78</td>\n      <td>0.08</td>\n      <td>0.34</td>\n      <td>0.02</td>\n      <td>1</td>\n    </tr>\n    <tr>\n      <th>1</th>\n      <td>2.32</td>\n      <td>21.16</td>\n      <td>0.01</td>\n      <td>3.31</td>\n      <td>0.002</td>\n      <td>5.28</td>\n      <td>0.68</td>\n      <td>0.66</td>\n      <td>0.90</td>\n      <td>0.65</td>\n      <td>...</td>\n      <td>0.100</td>\n      <td>2.01</td>\n      <td>1.93</td>\n      <td>0.003</td>\n      <td>32.26</td>\n      <td>3.21</td>\n      <td>0.08</td>\n      <td>0.27</td>\n      <td>0.05</td>\n      <td>1</td>\n    </tr>\n    <tr>\n      <th>2</th>\n      <td>1.01</td>\n      <td>14.02</td>\n      <td>0.04</td>\n      <td>0.58</td>\n      <td>0.008</td>\n      <td>4.24</td>\n      <td>0.53</td>\n      <td>0.02</td>\n      <td>0.99</td>\n      <td>0.05</td>\n      <td>...</td>\n      <td>0.078</td>\n      <td>14.16</td>\n      <td>1.11</td>\n      <td>0.006</td>\n      <td>50.28</td>\n      <td>7.07</td>\n      <td>0.07</td>\n      <td>0.44</td>\n      <td>0.01</td>\n      <td>0</td>\n    </tr>\n    <tr>\n      <th>3</th>\n      <td>1.36</td>\n      <td>11.33</td>\n      <td>0.04</td>\n      <td>2.96</td>\n      <td>0.001</td>\n      <td>7.23</td>\n      <td>0.03</td>\n      <td>1.66</td>\n      <td>1.08</td>\n      <td>0.71</td>\n      <td>...</td>\n      <td>0.016</td>\n      <td>1.41</td>\n      <td>1.29</td>\n      <td>0.004</td>\n      <td>9.12</td>\n      <td>1.72</td>\n      <td>0.02</td>\n      <td>0.45</td>\n      <td>0.05</td>\n      <td>1</td>\n    </tr>\n    <tr>\n      <th>4</th>\n      <td>0.92</td>\n      <td>24.33</td>\n      <td>0.03</td>\n      <td>0.20</td>\n      <td>0.006</td>\n      <td>2.67</td>\n      <td>0.69</td>\n      <td>0.57</td>\n      <td>0.61</td>\n      <td>0.13</td>\n      <td>...</td>\n      <td>0.117</td>\n      <td>6.74</td>\n      <td>1.11</td>\n      <td>0.003</td>\n      <td>16.90</td>\n      <td>2.41</td>\n      <td>0.02</td>\n      <td>0.06</td>\n      <td>0.02</td>\n      <td>1</td>\n    </tr>\n  </tbody>\n</table>\n<p>5 rows × 21 columns</p>\n</div>"
     },
     "execution_count": 4,
     "metadata": {},
     "output_type": "execute_result"
    }
   ],
   "source": [
    "# Verifying the data and the columns names\n",
    "df.head()"
   ],
   "metadata": {
    "collapsed": false,
    "ExecuteTime": {
     "end_time": "2023-11-09T02:00:48.065866Z",
     "start_time": "2023-11-09T02:00:48.020951100Z"
    }
   },
   "id": "bbbc74c0661af96c"
  },
  {
   "cell_type": "code",
   "execution_count": 13,
   "outputs": [
    {
     "name": "stdout",
     "output_type": "stream",
     "text": [
      "<class 'pandas.core.frame.DataFrame'>\n",
      "RangeIndex: 7999 entries, 0 to 7998\n",
      "Data columns (total 21 columns):\n",
      " #   Column       Non-Null Count  Dtype  \n",
      "---  ------       --------------  -----  \n",
      " 0   aluminium    7999 non-null   float64\n",
      " 1   ammonia      7999 non-null   object \n",
      " 2   arsenic      7999 non-null   float64\n",
      " 3   barium       7999 non-null   float64\n",
      " 4   cadmium      7999 non-null   float64\n",
      " 5   chloramine   7999 non-null   float64\n",
      " 6   chromium     7999 non-null   float64\n",
      " 7   copper       7999 non-null   float64\n",
      " 8   flouride     7999 non-null   float64\n",
      " 9   bacteria     7999 non-null   float64\n",
      " 10  viruses      7999 non-null   float64\n",
      " 11  lead         7999 non-null   float64\n",
      " 12  nitrates     7999 non-null   float64\n",
      " 13  nitrites     7999 non-null   float64\n",
      " 14  mercury      7999 non-null   float64\n",
      " 15  perchlorate  7999 non-null   float64\n",
      " 16  radium       7999 non-null   float64\n",
      " 17  selenium     7999 non-null   float64\n",
      " 18  silver       7999 non-null   float64\n",
      " 19  uranium      7999 non-null   float64\n",
      " 20  is_safe      7999 non-null   object \n",
      "dtypes: float64(19), object(2)\n",
      "memory usage: 1.3+ MB\n",
      "<class 'pandas.core.frame.DataFrame'>\n",
      "Index: 7996 entries, 0 to 7998\n",
      "Data columns (total 21 columns):\n",
      " #   Column       Non-Null Count  Dtype  \n",
      "---  ------       --------------  -----  \n",
      " 0   aluminium    7996 non-null   float64\n",
      " 1   ammonia      7996 non-null   object \n",
      " 2   arsenic      7996 non-null   float64\n",
      " 3   barium       7996 non-null   float64\n",
      " 4   cadmium      7996 non-null   float64\n",
      " 5   chloramine   7996 non-null   float64\n",
      " 6   chromium     7996 non-null   float64\n",
      " 7   copper       7996 non-null   float64\n",
      " 8   flouride     7996 non-null   float64\n",
      " 9   bacteria     7996 non-null   float64\n",
      " 10  viruses      7996 non-null   float64\n",
      " 11  lead         7996 non-null   float64\n",
      " 12  nitrates     7996 non-null   float64\n",
      " 13  nitrites     7996 non-null   float64\n",
      " 14  mercury      7996 non-null   float64\n",
      " 15  perchlorate  7996 non-null   float64\n",
      " 16  radium       7996 non-null   float64\n",
      " 17  selenium     7996 non-null   float64\n",
      " 18  silver       7996 non-null   float64\n",
      " 19  uranium      7996 non-null   float64\n",
      " 20  is_safe      7996 non-null   float64\n",
      "dtypes: float64(20), object(1)\n",
      "memory usage: 1.3+ MB\n"
     ]
    }
   ],
   "source": [
    "# Converting object to numeric\n",
    "df['is_safe'] = pd.to_numeric(df['is_safe'], errors='coerce')\n",
    "df['ammonia'] = pd.to_numeric(df['ammonia'], errors='coerce')\n",
    "# Drop rows with NaN Values\n",
    "df.dropna( subset=['ammonia', 'is_safe'], axis=0, inplace=True)\n",
    "df.info()"
   ],
   "metadata": {
    "collapsed": false,
    "ExecuteTime": {
     "end_time": "2023-11-09T02:07:32.595760200Z",
     "start_time": "2023-11-09T02:07:32.554750400Z"
    }
   },
   "id": "f69c3d5fb7608edb"
  },
  {
   "cell_type": "code",
   "execution_count": 31,
   "outputs": [
    {
     "data": {
      "text/plain": "aluminium          0\nammonia            0\narsenic            0\nbarium             0\ncadmium            0\nchloramine         0\nchromium           0\ncopper             0\nflouride           0\nbacteria           0\nviruses            0\nlead               0\nnitrates           0\nnitrites           0\nmercury            0\nperchlorate        0\nradium             0\nselenium           0\nsilver             0\nuranium            0\nis_safe            0\nis_safe_numeric    0\ndtype: int64"
     },
     "execution_count": 31,
     "metadata": {},
     "output_type": "execute_result"
    }
   ],
   "source": [
    "# Checking the quantity of NaN values\n",
    "df.isnull().sum()"
   ],
   "metadata": {
    "collapsed": false,
    "ExecuteTime": {
     "end_time": "2023-11-09T02:26:57.093073600Z",
     "start_time": "2023-11-09T02:26:57.089067Z"
    }
   },
   "id": "e5adcaa72c0b128a"
  },
  {
   "cell_type": "code",
   "execution_count": 14,
   "outputs": [
    {
     "name": "stdout",
     "output_type": "stream",
     "text": [
      "is_safe\n",
      "0.0    7084\n",
      "1.0     912\n",
      "Name: count, dtype: int64\n"
     ]
    }
   ],
   "source": [
    "# Verifying the quantity of each class in column 'is_safe'\n",
    "counts = df['is_safe'].value_counts()\n",
    "print(counts)"
   ],
   "metadata": {
    "collapsed": false,
    "ExecuteTime": {
     "end_time": "2023-11-09T02:09:24.829013100Z",
     "start_time": "2023-11-09T02:09:24.819477900Z"
    }
   },
   "id": "cabdc366b4ff74ba"
  },
  {
   "cell_type": "code",
   "execution_count": 19,
   "outputs": [
    {
     "name": "stdout",
     "output_type": "stream",
     "text": [
      "is_safe\n",
      "0.0    912\n",
      "1.0    912\n",
      "Name: count, dtype: int64\n"
     ]
    }
   ],
   "source": [
    "# Get a sample of the class 0 with the same quantity of class 1\n",
    "c_0 = df[df.is_safe == 0].sample(n = 912, random_state=1)\n",
    "c_1 = df[df.is_safe == 1]\n",
    "# Concatenating the dataframes\n",
    "df = pd.concat([c_0, c_1])\n",
    "df = df.reset_index(drop=True)\n",
    "# Recounting the classes\n",
    "counts = df['is_safe'].value_counts()\n",
    "print(counts)"
   ],
   "metadata": {
    "collapsed": false,
    "ExecuteTime": {
     "end_time": "2023-11-09T02:15:47.852496700Z",
     "start_time": "2023-11-09T02:15:47.819606100Z"
    }
   },
   "id": "3eae0d999319a590"
  },
  {
   "cell_type": "code",
   "execution_count": 32,
   "outputs": [
    {
     "data": {
      "text/plain": "                 aluminium   ammonia   arsenic    barium   cadmium  \\\naluminium         1.000000  0.030604 -0.022992  0.277128 -0.321764   \nammonia           0.030604  1.000000  0.060678  0.057452  0.009415   \narsenic          -0.022992  0.060678  1.000000  0.254509  0.460718   \nbarium            0.277128  0.057452  0.254509  1.000000 -0.085439   \ncadmium          -0.321764  0.009415  0.460718 -0.085439  1.000000   \nchloramine        0.344916  0.051445  0.196084  0.349956 -0.241654   \nchromium          0.340642  0.089425  0.185956  0.323815 -0.236443   \ncopper            0.208045 -0.009421 -0.069427  0.073725 -0.164879   \nflouride         -0.020792 -0.009371 -0.002928 -0.026949  0.011916   \nbacteria          0.005465  0.065444  0.052944  0.102785 -0.071855   \nviruses          -0.053987  0.084253  0.059081  0.025902  0.071570   \nlead              0.036956 -0.053054 -0.099008 -0.021133 -0.057803   \nnitrates         -0.038093 -0.000339  0.053863 -0.024137  0.044698   \nnitrites          0.272704 -0.021838  0.251119  0.321851 -0.103929   \nmercury           0.026401  0.046221 -0.041615 -0.005163  0.007990   \nperchlorate       0.264217 -0.011066  0.252221  0.383084 -0.154284   \nradium            0.263936  0.024566  0.091643  0.232256 -0.174706   \nselenium          0.003384  0.027319 -0.010686  0.051589 -0.011876   \nsilver            0.346948  0.025240  0.086797  0.317651 -0.261713   \nuranium           0.046459 -0.005492 -0.052410 -0.054371 -0.048678   \nis_safe           0.457355 -0.013835 -0.219455  0.168629 -0.428699   \nis_safe_numeric   0.030604  1.000000  0.060678  0.057452  0.009415   \n\n                 chloramine  chromium    copper  flouride  bacteria  ...  \\\naluminium          0.344916  0.340642  0.208045 -0.020792  0.005465  ...   \nammonia            0.051445  0.089425 -0.009421 -0.009371  0.065444  ...   \narsenic            0.196084  0.185956 -0.069427 -0.002928  0.052944  ...   \nbarium             0.349956  0.323815  0.073725 -0.026949  0.102785  ...   \ncadmium           -0.241654 -0.236443 -0.164879  0.011916 -0.071855  ...   \nchloramine         1.000000  0.456245  0.160170  0.024107  0.189592  ...   \nchromium           0.456245  1.000000  0.155463  0.015351  0.136983  ...   \ncopper             0.160170  0.155463  1.000000  0.021204  0.112348  ...   \nflouride           0.024107  0.015351  0.021204  1.000000  0.063294  ...   \nbacteria           0.189592  0.136983  0.112348  0.063294  1.000000  ...   \nviruses            0.041232  0.006556  0.007403  0.031604  0.729520  ...   \nlead              -0.009245 -0.016285  0.094724  0.002415  0.039270  ...   \nnitrates          -0.000826 -0.014447 -0.005281 -0.016682  0.005835  ...   \nnitrites           0.402410  0.367723  0.192102 -0.012779  0.222617  ...   \nmercury           -0.060038 -0.010599  0.026453 -0.005977 -0.009567  ...   \nperchlorate        0.456826  0.422798  0.118944 -0.023285  0.157898  ...   \nradium             0.334949  0.249883  0.096262  0.023113  0.079955  ...   \nselenium          -0.017882  0.048599  0.022204  0.049630  0.004127  ...   \nsilver             0.368205  0.415172  0.136266  0.018807  0.132703  ...   \nuranium           -0.044699 -0.024655  0.010264  0.034747  0.034856  ...   \nis_safe            0.300432  0.270905  0.062465  0.010305 -0.039116  ...   \nis_safe_numeric    0.051445  0.089425 -0.009421 -0.009371  0.065444  ...   \n\n                 nitrates  nitrites   mercury  perchlorate    radium  \\\naluminium       -0.038093  0.272704  0.026401     0.264217  0.263936   \nammonia         -0.000339 -0.021838  0.046221    -0.011066  0.024566   \narsenic          0.053863  0.251119 -0.041615     0.252221  0.091643   \nbarium          -0.024137  0.321851 -0.005163     0.383084  0.232256   \ncadmium          0.044698 -0.103929  0.007990    -0.154284 -0.174706   \nchloramine      -0.000826  0.402410 -0.060038     0.456826  0.334949   \nchromium        -0.014447  0.367723 -0.010599     0.422798  0.249883   \ncopper          -0.005281  0.192102  0.026453     0.118944  0.096262   \nflouride        -0.016682 -0.012779 -0.005977    -0.023285  0.023113   \nbacteria         0.005835  0.222617 -0.009567     0.157898  0.079955   \nviruses         -0.009087 -0.026773  0.040895     0.029453 -0.037616   \nlead             0.058483 -0.007231 -0.003678    -0.009137 -0.014343   \nnitrates         1.000000  0.060388 -0.023438    -0.081122 -0.030222   \nnitrites         0.060388  1.000000 -0.007270     0.367086  0.260189   \nmercury         -0.023438 -0.007270  1.000000     0.016917  0.022983   \nperchlorate     -0.081122  0.367086  0.016917     1.000000  0.294132   \nradium          -0.030222  0.260189  0.022983     0.294132  1.000000   \nselenium         0.042744  0.025129  0.040228     0.016702  0.008564   \nsilver          -0.007876  0.284727  0.040525     0.337150  0.328369   \nuranium          0.011128 -0.050716  0.057336    -0.057762  0.037149   \nis_safe         -0.120583  0.127045 -0.037651     0.155220  0.108127   \nis_safe_numeric -0.000339 -0.021838  0.046221    -0.011066  0.024566   \n\n                 selenium    silver   uranium   is_safe  is_safe_numeric  \naluminium        0.003384  0.346948  0.046459  0.457355         0.030604  \nammonia          0.027319  0.025240 -0.005492 -0.013835         1.000000  \narsenic         -0.010686  0.086797 -0.052410 -0.219455         0.060678  \nbarium           0.051589  0.317651 -0.054371  0.168629         0.057452  \ncadmium         -0.011876 -0.261713 -0.048678 -0.428699         0.009415  \nchloramine      -0.017882  0.368205 -0.044699  0.300432         0.051445  \nchromium         0.048599  0.415172 -0.024655  0.270905         0.089425  \ncopper           0.022204  0.136266  0.010264  0.062465        -0.009421  \nflouride         0.049630  0.018807  0.034747  0.010305        -0.009371  \nbacteria         0.004127  0.132703  0.034856 -0.039116         0.065444  \nviruses         -0.033605  0.009480  0.074152 -0.171912         0.084253  \nlead             0.028146 -0.030449 -0.015404 -0.011691        -0.053054  \nnitrates         0.042744 -0.007876  0.011128 -0.120583        -0.000339  \nnitrites         0.025129  0.284727 -0.050716  0.127045        -0.021838  \nmercury          0.040228  0.040525  0.057336 -0.037651         0.046221  \nperchlorate      0.016702  0.337150 -0.057762  0.155220        -0.011066  \nradium           0.008564  0.328369  0.037149  0.108127         0.024566  \nselenium         1.000000  0.006991 -0.026928 -0.039127         0.027319  \nsilver           0.006991  1.000000  0.068642  0.167372         0.025240  \nuranium         -0.026928  0.068642  1.000000 -0.121580        -0.005492  \nis_safe         -0.039127  0.167372 -0.121580  1.000000        -0.013835  \nis_safe_numeric  0.027319  0.025240 -0.005492 -0.013835         1.000000  \n\n[22 rows x 22 columns]",
      "text/html": "<div>\n<style scoped>\n    .dataframe tbody tr th:only-of-type {\n        vertical-align: middle;\n    }\n\n    .dataframe tbody tr th {\n        vertical-align: top;\n    }\n\n    .dataframe thead th {\n        text-align: right;\n    }\n</style>\n<table border=\"1\" class=\"dataframe\">\n  <thead>\n    <tr style=\"text-align: right;\">\n      <th></th>\n      <th>aluminium</th>\n      <th>ammonia</th>\n      <th>arsenic</th>\n      <th>barium</th>\n      <th>cadmium</th>\n      <th>chloramine</th>\n      <th>chromium</th>\n      <th>copper</th>\n      <th>flouride</th>\n      <th>bacteria</th>\n      <th>...</th>\n      <th>nitrates</th>\n      <th>nitrites</th>\n      <th>mercury</th>\n      <th>perchlorate</th>\n      <th>radium</th>\n      <th>selenium</th>\n      <th>silver</th>\n      <th>uranium</th>\n      <th>is_safe</th>\n      <th>is_safe_numeric</th>\n    </tr>\n  </thead>\n  <tbody>\n    <tr>\n      <th>aluminium</th>\n      <td>1.000000</td>\n      <td>0.030604</td>\n      <td>-0.022992</td>\n      <td>0.277128</td>\n      <td>-0.321764</td>\n      <td>0.344916</td>\n      <td>0.340642</td>\n      <td>0.208045</td>\n      <td>-0.020792</td>\n      <td>0.005465</td>\n      <td>...</td>\n      <td>-0.038093</td>\n      <td>0.272704</td>\n      <td>0.026401</td>\n      <td>0.264217</td>\n      <td>0.263936</td>\n      <td>0.003384</td>\n      <td>0.346948</td>\n      <td>0.046459</td>\n      <td>0.457355</td>\n      <td>0.030604</td>\n    </tr>\n    <tr>\n      <th>ammonia</th>\n      <td>0.030604</td>\n      <td>1.000000</td>\n      <td>0.060678</td>\n      <td>0.057452</td>\n      <td>0.009415</td>\n      <td>0.051445</td>\n      <td>0.089425</td>\n      <td>-0.009421</td>\n      <td>-0.009371</td>\n      <td>0.065444</td>\n      <td>...</td>\n      <td>-0.000339</td>\n      <td>-0.021838</td>\n      <td>0.046221</td>\n      <td>-0.011066</td>\n      <td>0.024566</td>\n      <td>0.027319</td>\n      <td>0.025240</td>\n      <td>-0.005492</td>\n      <td>-0.013835</td>\n      <td>1.000000</td>\n    </tr>\n    <tr>\n      <th>arsenic</th>\n      <td>-0.022992</td>\n      <td>0.060678</td>\n      <td>1.000000</td>\n      <td>0.254509</td>\n      <td>0.460718</td>\n      <td>0.196084</td>\n      <td>0.185956</td>\n      <td>-0.069427</td>\n      <td>-0.002928</td>\n      <td>0.052944</td>\n      <td>...</td>\n      <td>0.053863</td>\n      <td>0.251119</td>\n      <td>-0.041615</td>\n      <td>0.252221</td>\n      <td>0.091643</td>\n      <td>-0.010686</td>\n      <td>0.086797</td>\n      <td>-0.052410</td>\n      <td>-0.219455</td>\n      <td>0.060678</td>\n    </tr>\n    <tr>\n      <th>barium</th>\n      <td>0.277128</td>\n      <td>0.057452</td>\n      <td>0.254509</td>\n      <td>1.000000</td>\n      <td>-0.085439</td>\n      <td>0.349956</td>\n      <td>0.323815</td>\n      <td>0.073725</td>\n      <td>-0.026949</td>\n      <td>0.102785</td>\n      <td>...</td>\n      <td>-0.024137</td>\n      <td>0.321851</td>\n      <td>-0.005163</td>\n      <td>0.383084</td>\n      <td>0.232256</td>\n      <td>0.051589</td>\n      <td>0.317651</td>\n      <td>-0.054371</td>\n      <td>0.168629</td>\n      <td>0.057452</td>\n    </tr>\n    <tr>\n      <th>cadmium</th>\n      <td>-0.321764</td>\n      <td>0.009415</td>\n      <td>0.460718</td>\n      <td>-0.085439</td>\n      <td>1.000000</td>\n      <td>-0.241654</td>\n      <td>-0.236443</td>\n      <td>-0.164879</td>\n      <td>0.011916</td>\n      <td>-0.071855</td>\n      <td>...</td>\n      <td>0.044698</td>\n      <td>-0.103929</td>\n      <td>0.007990</td>\n      <td>-0.154284</td>\n      <td>-0.174706</td>\n      <td>-0.011876</td>\n      <td>-0.261713</td>\n      <td>-0.048678</td>\n      <td>-0.428699</td>\n      <td>0.009415</td>\n    </tr>\n    <tr>\n      <th>chloramine</th>\n      <td>0.344916</td>\n      <td>0.051445</td>\n      <td>0.196084</td>\n      <td>0.349956</td>\n      <td>-0.241654</td>\n      <td>1.000000</td>\n      <td>0.456245</td>\n      <td>0.160170</td>\n      <td>0.024107</td>\n      <td>0.189592</td>\n      <td>...</td>\n      <td>-0.000826</td>\n      <td>0.402410</td>\n      <td>-0.060038</td>\n      <td>0.456826</td>\n      <td>0.334949</td>\n      <td>-0.017882</td>\n      <td>0.368205</td>\n      <td>-0.044699</td>\n      <td>0.300432</td>\n      <td>0.051445</td>\n    </tr>\n    <tr>\n      <th>chromium</th>\n      <td>0.340642</td>\n      <td>0.089425</td>\n      <td>0.185956</td>\n      <td>0.323815</td>\n      <td>-0.236443</td>\n      <td>0.456245</td>\n      <td>1.000000</td>\n      <td>0.155463</td>\n      <td>0.015351</td>\n      <td>0.136983</td>\n      <td>...</td>\n      <td>-0.014447</td>\n      <td>0.367723</td>\n      <td>-0.010599</td>\n      <td>0.422798</td>\n      <td>0.249883</td>\n      <td>0.048599</td>\n      <td>0.415172</td>\n      <td>-0.024655</td>\n      <td>0.270905</td>\n      <td>0.089425</td>\n    </tr>\n    <tr>\n      <th>copper</th>\n      <td>0.208045</td>\n      <td>-0.009421</td>\n      <td>-0.069427</td>\n      <td>0.073725</td>\n      <td>-0.164879</td>\n      <td>0.160170</td>\n      <td>0.155463</td>\n      <td>1.000000</td>\n      <td>0.021204</td>\n      <td>0.112348</td>\n      <td>...</td>\n      <td>-0.005281</td>\n      <td>0.192102</td>\n      <td>0.026453</td>\n      <td>0.118944</td>\n      <td>0.096262</td>\n      <td>0.022204</td>\n      <td>0.136266</td>\n      <td>0.010264</td>\n      <td>0.062465</td>\n      <td>-0.009421</td>\n    </tr>\n    <tr>\n      <th>flouride</th>\n      <td>-0.020792</td>\n      <td>-0.009371</td>\n      <td>-0.002928</td>\n      <td>-0.026949</td>\n      <td>0.011916</td>\n      <td>0.024107</td>\n      <td>0.015351</td>\n      <td>0.021204</td>\n      <td>1.000000</td>\n      <td>0.063294</td>\n      <td>...</td>\n      <td>-0.016682</td>\n      <td>-0.012779</td>\n      <td>-0.005977</td>\n      <td>-0.023285</td>\n      <td>0.023113</td>\n      <td>0.049630</td>\n      <td>0.018807</td>\n      <td>0.034747</td>\n      <td>0.010305</td>\n      <td>-0.009371</td>\n    </tr>\n    <tr>\n      <th>bacteria</th>\n      <td>0.005465</td>\n      <td>0.065444</td>\n      <td>0.052944</td>\n      <td>0.102785</td>\n      <td>-0.071855</td>\n      <td>0.189592</td>\n      <td>0.136983</td>\n      <td>0.112348</td>\n      <td>0.063294</td>\n      <td>1.000000</td>\n      <td>...</td>\n      <td>0.005835</td>\n      <td>0.222617</td>\n      <td>-0.009567</td>\n      <td>0.157898</td>\n      <td>0.079955</td>\n      <td>0.004127</td>\n      <td>0.132703</td>\n      <td>0.034856</td>\n      <td>-0.039116</td>\n      <td>0.065444</td>\n    </tr>\n    <tr>\n      <th>viruses</th>\n      <td>-0.053987</td>\n      <td>0.084253</td>\n      <td>0.059081</td>\n      <td>0.025902</td>\n      <td>0.071570</td>\n      <td>0.041232</td>\n      <td>0.006556</td>\n      <td>0.007403</td>\n      <td>0.031604</td>\n      <td>0.729520</td>\n      <td>...</td>\n      <td>-0.009087</td>\n      <td>-0.026773</td>\n      <td>0.040895</td>\n      <td>0.029453</td>\n      <td>-0.037616</td>\n      <td>-0.033605</td>\n      <td>0.009480</td>\n      <td>0.074152</td>\n      <td>-0.171912</td>\n      <td>0.084253</td>\n    </tr>\n    <tr>\n      <th>lead</th>\n      <td>0.036956</td>\n      <td>-0.053054</td>\n      <td>-0.099008</td>\n      <td>-0.021133</td>\n      <td>-0.057803</td>\n      <td>-0.009245</td>\n      <td>-0.016285</td>\n      <td>0.094724</td>\n      <td>0.002415</td>\n      <td>0.039270</td>\n      <td>...</td>\n      <td>0.058483</td>\n      <td>-0.007231</td>\n      <td>-0.003678</td>\n      <td>-0.009137</td>\n      <td>-0.014343</td>\n      <td>0.028146</td>\n      <td>-0.030449</td>\n      <td>-0.015404</td>\n      <td>-0.011691</td>\n      <td>-0.053054</td>\n    </tr>\n    <tr>\n      <th>nitrates</th>\n      <td>-0.038093</td>\n      <td>-0.000339</td>\n      <td>0.053863</td>\n      <td>-0.024137</td>\n      <td>0.044698</td>\n      <td>-0.000826</td>\n      <td>-0.014447</td>\n      <td>-0.005281</td>\n      <td>-0.016682</td>\n      <td>0.005835</td>\n      <td>...</td>\n      <td>1.000000</td>\n      <td>0.060388</td>\n      <td>-0.023438</td>\n      <td>-0.081122</td>\n      <td>-0.030222</td>\n      <td>0.042744</td>\n      <td>-0.007876</td>\n      <td>0.011128</td>\n      <td>-0.120583</td>\n      <td>-0.000339</td>\n    </tr>\n    <tr>\n      <th>nitrites</th>\n      <td>0.272704</td>\n      <td>-0.021838</td>\n      <td>0.251119</td>\n      <td>0.321851</td>\n      <td>-0.103929</td>\n      <td>0.402410</td>\n      <td>0.367723</td>\n      <td>0.192102</td>\n      <td>-0.012779</td>\n      <td>0.222617</td>\n      <td>...</td>\n      <td>0.060388</td>\n      <td>1.000000</td>\n      <td>-0.007270</td>\n      <td>0.367086</td>\n      <td>0.260189</td>\n      <td>0.025129</td>\n      <td>0.284727</td>\n      <td>-0.050716</td>\n      <td>0.127045</td>\n      <td>-0.021838</td>\n    </tr>\n    <tr>\n      <th>mercury</th>\n      <td>0.026401</td>\n      <td>0.046221</td>\n      <td>-0.041615</td>\n      <td>-0.005163</td>\n      <td>0.007990</td>\n      <td>-0.060038</td>\n      <td>-0.010599</td>\n      <td>0.026453</td>\n      <td>-0.005977</td>\n      <td>-0.009567</td>\n      <td>...</td>\n      <td>-0.023438</td>\n      <td>-0.007270</td>\n      <td>1.000000</td>\n      <td>0.016917</td>\n      <td>0.022983</td>\n      <td>0.040228</td>\n      <td>0.040525</td>\n      <td>0.057336</td>\n      <td>-0.037651</td>\n      <td>0.046221</td>\n    </tr>\n    <tr>\n      <th>perchlorate</th>\n      <td>0.264217</td>\n      <td>-0.011066</td>\n      <td>0.252221</td>\n      <td>0.383084</td>\n      <td>-0.154284</td>\n      <td>0.456826</td>\n      <td>0.422798</td>\n      <td>0.118944</td>\n      <td>-0.023285</td>\n      <td>0.157898</td>\n      <td>...</td>\n      <td>-0.081122</td>\n      <td>0.367086</td>\n      <td>0.016917</td>\n      <td>1.000000</td>\n      <td>0.294132</td>\n      <td>0.016702</td>\n      <td>0.337150</td>\n      <td>-0.057762</td>\n      <td>0.155220</td>\n      <td>-0.011066</td>\n    </tr>\n    <tr>\n      <th>radium</th>\n      <td>0.263936</td>\n      <td>0.024566</td>\n      <td>0.091643</td>\n      <td>0.232256</td>\n      <td>-0.174706</td>\n      <td>0.334949</td>\n      <td>0.249883</td>\n      <td>0.096262</td>\n      <td>0.023113</td>\n      <td>0.079955</td>\n      <td>...</td>\n      <td>-0.030222</td>\n      <td>0.260189</td>\n      <td>0.022983</td>\n      <td>0.294132</td>\n      <td>1.000000</td>\n      <td>0.008564</td>\n      <td>0.328369</td>\n      <td>0.037149</td>\n      <td>0.108127</td>\n      <td>0.024566</td>\n    </tr>\n    <tr>\n      <th>selenium</th>\n      <td>0.003384</td>\n      <td>0.027319</td>\n      <td>-0.010686</td>\n      <td>0.051589</td>\n      <td>-0.011876</td>\n      <td>-0.017882</td>\n      <td>0.048599</td>\n      <td>0.022204</td>\n      <td>0.049630</td>\n      <td>0.004127</td>\n      <td>...</td>\n      <td>0.042744</td>\n      <td>0.025129</td>\n      <td>0.040228</td>\n      <td>0.016702</td>\n      <td>0.008564</td>\n      <td>1.000000</td>\n      <td>0.006991</td>\n      <td>-0.026928</td>\n      <td>-0.039127</td>\n      <td>0.027319</td>\n    </tr>\n    <tr>\n      <th>silver</th>\n      <td>0.346948</td>\n      <td>0.025240</td>\n      <td>0.086797</td>\n      <td>0.317651</td>\n      <td>-0.261713</td>\n      <td>0.368205</td>\n      <td>0.415172</td>\n      <td>0.136266</td>\n      <td>0.018807</td>\n      <td>0.132703</td>\n      <td>...</td>\n      <td>-0.007876</td>\n      <td>0.284727</td>\n      <td>0.040525</td>\n      <td>0.337150</td>\n      <td>0.328369</td>\n      <td>0.006991</td>\n      <td>1.000000</td>\n      <td>0.068642</td>\n      <td>0.167372</td>\n      <td>0.025240</td>\n    </tr>\n    <tr>\n      <th>uranium</th>\n      <td>0.046459</td>\n      <td>-0.005492</td>\n      <td>-0.052410</td>\n      <td>-0.054371</td>\n      <td>-0.048678</td>\n      <td>-0.044699</td>\n      <td>-0.024655</td>\n      <td>0.010264</td>\n      <td>0.034747</td>\n      <td>0.034856</td>\n      <td>...</td>\n      <td>0.011128</td>\n      <td>-0.050716</td>\n      <td>0.057336</td>\n      <td>-0.057762</td>\n      <td>0.037149</td>\n      <td>-0.026928</td>\n      <td>0.068642</td>\n      <td>1.000000</td>\n      <td>-0.121580</td>\n      <td>-0.005492</td>\n    </tr>\n    <tr>\n      <th>is_safe</th>\n      <td>0.457355</td>\n      <td>-0.013835</td>\n      <td>-0.219455</td>\n      <td>0.168629</td>\n      <td>-0.428699</td>\n      <td>0.300432</td>\n      <td>0.270905</td>\n      <td>0.062465</td>\n      <td>0.010305</td>\n      <td>-0.039116</td>\n      <td>...</td>\n      <td>-0.120583</td>\n      <td>0.127045</td>\n      <td>-0.037651</td>\n      <td>0.155220</td>\n      <td>0.108127</td>\n      <td>-0.039127</td>\n      <td>0.167372</td>\n      <td>-0.121580</td>\n      <td>1.000000</td>\n      <td>-0.013835</td>\n    </tr>\n    <tr>\n      <th>is_safe_numeric</th>\n      <td>0.030604</td>\n      <td>1.000000</td>\n      <td>0.060678</td>\n      <td>0.057452</td>\n      <td>0.009415</td>\n      <td>0.051445</td>\n      <td>0.089425</td>\n      <td>-0.009421</td>\n      <td>-0.009371</td>\n      <td>0.065444</td>\n      <td>...</td>\n      <td>-0.000339</td>\n      <td>-0.021838</td>\n      <td>0.046221</td>\n      <td>-0.011066</td>\n      <td>0.024566</td>\n      <td>0.027319</td>\n      <td>0.025240</td>\n      <td>-0.005492</td>\n      <td>-0.013835</td>\n      <td>1.000000</td>\n    </tr>\n  </tbody>\n</table>\n<p>22 rows × 22 columns</p>\n</div>"
     },
     "execution_count": 32,
     "metadata": {},
     "output_type": "execute_result"
    }
   ],
   "source": [
    "# Exploring the data\n",
    "df.corr()"
   ],
   "metadata": {
    "collapsed": false,
    "ExecuteTime": {
     "end_time": "2023-11-09T02:27:49.161573400Z",
     "start_time": "2023-11-09T02:27:49.122839100Z"
    }
   },
   "id": "3969432163cc6e1f"
  },
  {
   "cell_type": "code",
   "execution_count": 33,
   "outputs": [
    {
     "data": {
      "text/plain": "<Figure size 1400x1400 with 25 Axes>",
